8 0.416015625 0.3420138888888889 0.6513671875 0.3194444444444444 0.7275390625 0.3229166666666667 0.734375 0.2934027777777778 0.7109375 0.11284722222222222 0.6767578125 0.041666666666666664 0.6220703125 0 0.4970703125 0.006944444444444444 0.4560546875 0.04513888888888889 0.423828125 0.11979166666666667 0.404296875 0.21354166666666666 0.404296875 0.3107638888888889 0.408203125 0.3385416666666667
8 0.4140625 0.3420138888888889 0.6533203125 0.3194444444444444 0.7275390625 0.3229166666666667 0.734375 0.2934027777777778 0.7109375 0.11284722222222222 0.6767578125 0.041666666666666664 0.6240234375 0 0.4970703125 0.006944444444444444 0.4560546875 0.04513888888888889 0.423828125 0.11979166666666667 0.404296875 0.21354166666666666 0.404296875 0.3107638888888889 0.408203125 0.3385416666666667
8 0.421875 0.3420138888888889 0.4384765625 0.3333333333333333 0.7294921875 0.3194444444444444 0.734375 0.296875 0.708984375 0.10590277777777778 0.6767578125 0.041666666666666664 0.6240234375 0 0.5126953125 0 0.4892578125 0.013888888888888888 0.447265625 0.057291666666666664 0.423828125 0.11979166666666667 0.408203125 0.1892361111111111 0.404296875 0.3107638888888889 0.408203125 0.3385416666666667
8 0.421875 0.3385416666666667 0.6513671875 0.3194444444444444 0.7275390625 0.3229166666666667 0.734375 0.2934027777777778 0.708984375 0.10590277777777778 0.6767578125 0.041666666666666664 0.6220703125 0 0.4970703125 0.006944444444444444 0.4560546875 0.04513888888888889 0.44140625 0.07118055555555555 0.41015625 0.17881944444444445 0.404296875 0.21354166666666666 0.404296875 0.3107638888888889 0.4091796875 0.3402777777777778
8 0.4140625 0.3420138888888889 0.6513671875 0.3194444444444444 0.7255859375 0.3229166666666667 0.734375 0.2934027777777778 0.708984375 0.10590277777777778 0.6767578125 0.041666666666666664 0.6220703125 0 0.4970703125 0.006944444444444444 0.4560546875 0.04513888888888889 0.423828125 0.11979166666666667 0.404296875 0.21354166666666666 0.404296875 0.3107638888888889 0.408203125 0.3385416666666667
8 0.421875 0.3385416666666667 0.6533203125 0.3194444444444444 0.7255859375 0.3229166666666667 0.734375 0.2934027777777778 0.708984375 0.10590277777777778 0.6767578125 0.041666666666666664 0.6220703125 0 0.4970703125 0.006944444444444444 0.4560546875 0.04513888888888889 0.44140625 0.07118055555555555 0.41015625 0.17881944444444445 0.404296875 0.21354166666666666 0.404296875 0.3107638888888889 0.4091796875 0.3402777777777778
8 0.421875 0.3385416666666667 0.6513671875 0.3194444444444444 0.7255859375 0.3229166666666667 0.734375 0.2934027777777778 0.7109375 0.11284722222222222 0.6767578125 0.041666666666666664 0.6220703125 0 0.4970703125 0.006944444444444444 0.4541015625 0.04861111111111111 0.423828125 0.11979166666666667 0.404296875 0.21354166666666666 0.404296875 0.3107638888888889 0.4091796875 0.3402777777777778
8 0.416015625 0.3420138888888889 0.6513671875 0.3194444444444444 0.7255859375 0.3229166666666667 0.734375 0.2934027777777778 0.708984375 0.10590277777777778 0.6767578125 0.041666666666666664 0.6220703125 0 0.4970703125 0.006944444444444444 0.4560546875 0.04513888888888889 0.423828125 0.11979166666666667 0.404296875 0.21354166666666666 0.404296875 0.3107638888888889 0.408203125 0.3420138888888889
8 0.421875 0.3420138888888889 0.4306640625 0.3333333333333333 0.6474609375 0.3194444444444444 0.7275390625 0.3229166666666667 0.734375 0.296875 0.708984375 0.10590277777777778 0.6767578125 0.041666666666666664 0.6240234375 0 0.5126953125 0 0.4892578125 0.013888888888888888 0.4453125 0.06076388888888889 0.423828125 0.11979166666666667 0.408203125 0.1892361111111111 0.404296875 0.3072916666666667 0.408203125 0.3385416666666667
8 0.421875 0.3385416666666667 0.7294921875 0.3194444444444444 0.734375 0.2934027777777778 0.708984375 0.10590277777777778 0.6767578125 0.041666666666666664 0.6220703125 0 0.4970703125 0.006944444444444444 0.4560546875 0.04513888888888889 0.423828125 0.11979166666666667 0.404296875 0.21354166666666666 0.404296875 0.3107638888888889 0.4091796875 0.3402777777777778
8 0.421875 0.3385416666666667 0.6513671875 0.3194444444444444 0.7255859375 0.3229166666666667 0.734375 0.2934027777777778 0.708984375 0.10590277777777778 0.6767578125 0.041666666666666664 0.6220703125 0 0.5126953125 0 0.4931640625 0.010416666666666666 0.443359375 0.06770833333333333 0.423828125 0.11979166666666667 0.408203125 0.1892361111111111 0.404296875 0.3107638888888889 0.4091796875 0.3402777777777778
8 0.421875 0.3385416666666667 0.6513671875 0.3194444444444444 0.7275390625 0.3229166666666667 0.734375 0.2934027777777778 0.708984375 0.10590277777777778 0.6767578125 0.041666666666666664 0.6220703125 0 0.4970703125 0.006944444444444444 0.4560546875 0.04513888888888889 0.423828125 0.11979166666666667 0.404296875 0.21354166666666666 0.404296875 0.3107638888888889 0.4091796875 0.3402777777777778
8 0.421875 0.3385416666666667 0.6455078125 0.3194444444444444 0.7294921875 0.3229166666666667 0.734375 0.296875 0.708984375 0.10590277777777778 0.6767578125 0.041666666666666664 0.6240234375 0 0.5107421875 0 0.4931640625 0.010416666666666666 0.447265625 0.057291666666666664 0.408203125 0.1892361111111111 0.404296875 0.3107638888888889 0.4091796875 0.3402777777777778
8 0.421875 0.3385416666666667 0.6513671875 0.3194444444444444 0.7275390625 0.3229166666666667 0.734375 0.2934027777777778 0.7109375 0.11284722222222222 0.6767578125 0.041666666666666664 0.6240234375 0 0.4970703125 0.006944444444444444 0.4619140625 0.03819444444444445 0.44140625 0.07118055555555555 0.41015625 0.17881944444444445 0.404296875 0.21354166666666666 0.404296875 0.3107638888888889 0.4091796875 0.3402777777777778
8 0.4140625 0.3420138888888889 0.6513671875 0.3194444444444444 0.7255859375 0.3229166666666667 0.734375 0.2934027777777778 0.708984375 0.10590277777777778 0.6767578125 0.041666666666666664 0.6220703125 0 0.4970703125 0.006944444444444444 0.4560546875 0.04513888888888889 0.423828125 0.11979166666666667 0.404296875 0.21354166666666666 0.404296875 0.3107638888888889 0.408203125 0.3385416666666667
8 0.419921875 0.3454861111111111 0.4228515625 0.3368055555555556 0.5400390625 0.3263888888888889 0.7294921875 0.3229166666666667 0.734375 0.2934027777777778 0.7109375 0.11284722222222222 0.6767578125 0.041666666666666664 0.6357421875 0.006944444444444444 0.5126953125 0 0.4931640625 0.010416666666666666 0.4453125 0.0642361111111111 0.408203125 0.1892361111111111 0.404296875 0.3107638888888889 0.408203125 0.3420138888888889
8 0.416015625 0.3420138888888889 0.6513671875 0.3194444444444444 0.7255859375 0.3229166666666667 0.734375 0.2934027777777778 0.7109375 0.11284722222222222 0.6767578125 0.041666666666666664 0.6220703125 0 0.4970703125 0.006944444444444444 0.4560546875 0.04513888888888889 0.423828125 0.11979166666666667 0.404296875 0.21354166666666666 0.404296875 0.3107638888888889 0.408203125 0.3385416666666667
8 0.419921875 0.3420138888888889 0.4287109375 0.3333333333333333 0.5791015625 0.3229166666666667 0.7294921875 0.3229166666666667 0.734375 0.296875 0.708984375 0.10590277777777778 0.6787109375 0.04513888888888889 0.6220703125 0 0.5126953125 0 0.4892578125 0.013888888888888888 0.4453125 0.0642361111111111 0.408203125 0.1892361111111111 0.40625 0.3177083333333333 0.408203125 0.3385416666666667
8 0.4140625 0.3420138888888889 0.6513671875 0.3194444444444444 0.7255859375 0.3229166666666667 0.734375 0.2934027777777778 0.708984375 0.10590277777777778 0.6767578125 0.041666666666666664 0.6220703125 0 0.4970703125 0.006944444444444444 0.4560546875 0.04513888888888889 0.423828125 0.11979166666666667 0.404296875 0.21354166666666666 0.404296875 0.3107638888888889 0.408203125 0.3385416666666667
8 0.4140625 0.3420138888888889 0.6513671875 0.3194444444444444 0.7255859375 0.3229166666666667 0.734375 0.2934027777777778 0.708984375 0.10590277777777778 0.6767578125 0.041666666666666664 0.6220703125 0 0.4970703125 0.006944444444444444 0.4560546875 0.04513888888888889 0.423828125 0.11979166666666667 0.404296875 0.21354166666666666 0.404296875 0.3107638888888889 0.408203125 0.3385416666666667
8 0.4140625 0.3420138888888889 0.4365234375 0.3333333333333333 0.7294921875 0.3194444444444444 0.734375 0.2934027777777778 0.708984375 0.10590277777777778 0.6767578125 0.041666666666666664 0.6220703125 0 0.4970703125 0.006944444444444444 0.4560546875 0.04513888888888889 0.423828125 0.11979166666666667 0.404296875 0.21354166666666666 0.404296875 0.3107638888888889 0.408203125 0.3385416666666667
8 0.4140625 0.3420138888888889 0.6513671875 0.3194444444444444 0.7255859375 0.3229166666666667 0.734375 0.2934027777777778 0.708984375 0.10590277777777778 0.6767578125 0.041666666666666664 0.6220703125 0 0.4970703125 0.006944444444444444 0.4560546875 0.04513888888888889 0.423828125 0.11979166666666667 0.404296875 0.21354166666666666 0.404296875 0.3107638888888889 0.408203125 0.3385416666666667
8 0.4140625 0.3420138888888889 0.6513671875 0.3194444444444444 0.7255859375 0.3229166666666667 0.734375 0.2934027777777778 0.7109375 0.11284722222222222 0.6767578125 0.041666666666666664 0.6220703125 0 0.4970703125 0.006944444444444444 0.4560546875 0.04513888888888889 0.423828125 0.11979166666666667 0.404296875 0.21354166666666666 0.404296875 0.3107638888888889 0.408203125 0.3385416666666667
8 0.4140625 0.3420138888888889 0.6513671875 0.3194444444444444 0.7255859375 0.3229166666666667 0.734375 0.2934027777777778 0.708984375 0.10590277777777778 0.6767578125 0.041666666666666664 0.6220703125 0 0.4970703125 0.006944444444444444 0.4560546875 0.04513888888888889 0.423828125 0.11979166666666667 0.404296875 0.21354166666666666 0.404296875 0.3107638888888889 0.408203125 0.3385416666666667
8 0.4140625 0.3420138888888889 0.6513671875 0.3194444444444444 0.7255859375 0.3229166666666667 0.734375 0.2934027777777778 0.7109375 0.11284722222222222 0.6767578125 0.041666666666666664 0.6220703125 0 0.4970703125 0.006944444444444444 0.4560546875 0.04513888888888889 0.423828125 0.11979166666666667 0.404296875 0.21354166666666666 0.404296875 0.3107638888888889 0.408203125 0.3385416666666667
8 0.421875 0.3385416666666667 0.6513671875 0.3194444444444444 0.7255859375 0.3229166666666667 0.734375 0.2934027777777778 0.708984375 0.10590277777777778 0.6767578125 0.041666666666666664 0.6220703125 0 0.4990234375 0.006944444444444444 0.4453125 0.0642361111111111 0.408203125 0.1892361111111111 0.404296875 0.3107638888888889 0.4091796875 0.3402777777777778